A1 0.0854166666666667 0.413888888888889 0.0260416666666667 0.0462962962962963
A2 0.116666666666667 0.40462962962963 0.0260416666666667 0.0462962962962963
A3 0.146354166666667 0.390740740740741 0.0260416666666667 0.0462962962962963
A4 0.176041666666667 0.381481481481481 0.0260416666666667 0.0462962962962963
A5 0.204166666666667 0.373148148148148 0.0260416666666667 0.0462962962962963
A6 0.23125 0.361111111111111 0.0260416666666667 0.0462962962962963
A7 0.258333333333333 0.350925925925926 0.0260416666666667 0.0462962962962963
A8 0.284375 0.340740740740741 0.0260416666666667 0.0462962962962963
A9 0.308333333333333 0.330555555555556 0.0260416666666667 0.0555555555555556
A10 0.334895833333333 0.322222222222222 0.0260416666666667 0.0462962962962963
A11 0.359375 0.311111111111111 0.0260416666666667 0.0462962962962963
A12 0.3828125 0.303703703703704 0.0260416666666667 0.0462962962962963
A13 0.40625 0.293518518518519 0.0260416666666667 0.0462962962962963
A14 0.428645833333333 0.286111111111111 0.0260416666666667 0.0462962962962963
A15 0.451041666666667 0.278703703703704 0.0260416666666667 0.0462962962962963
A16 0.469791666666667 0.27037037037037 0.0260416666666667 0.0555555555555556
A17 0.4921875 0.263888888888889 0.0260416666666667 0.0462962962962963
A18 0.5140625 0.25462962962963 0.0260416666666667 0.0462962962962963
A19 0.534895833333333 0.247222222222222 0.0260416666666667 0.0462962962962963
A20 0.554166666666667 0.240740740740741 0.0260416666666667 0.0462962962962963
A21 0.572916666666667 0.233333333333333 0.0260416666666667 0.0462962962962963
A22 0.592708333333333 0.225925925925926 0.0260416666666667 0.0462962962962963
A23 0.611458333333333 0.219444444444444 0.0260416666666667 0.0462962962962963
B1 0.144270833333333 0.451851851851852 0.0260416666666667 0.0462962962962963
B2 0.175 0.438888888888889 0.0260416666666667 0.0462962962962963
B3 0.205208333333333 0.425925925925926 0.0260416666666667 0.0462962962962963
B4 0.234895833333333 0.413888888888889 0.0260416666666667 0.0462962962962963
B5 0.263020833333333 0.401851851851852 0.0260416666666667 0.0462962962962963
B6 0.291145833333333 0.389814814814815 0.0260416666666667 0.0462962962962963
B7 0.31875 0.380555555555556 0.0260416666666667 0.0462962962962963
B8 0.344791666666667 0.371296296296296 0.0260416666666667 0.0462962962962963
B9 0.370833333333333 0.358333333333333 0.0260416666666667 0.0462962962962963
B10 0.3953125 0.348148148148148 0.0260416666666667 0.0462962962962963
B11 0.4203125 0.339814814814815 0.0260416666666667 0.0462962962962963
B12 0.44375 0.32962962962963 0.0260416666666667 0.0462962962962963
B13 0.468229166666667 0.32037037037037 0.0260416666666667 0.0462962962962963
B14 0.490104166666667 0.312037037037037 0.0260416666666667 0.0462962962962963
B15 0.513020833333333 0.300925925925926 0.0260416666666667 0.0462962962962963
B16 0.534375 0.293518518518519 0.0260416666666667 0.0462962962962963
B17 0.555208333333333 0.287037037037037 0.0260416666666667 0.0462962962962963
B18 0.5765625 0.277777777777778 0.0260416666666667 0.0462962962962963
B19 0.599479166666667 0.267592592592593 0.0260416666666667 0.0462962962962963
B20 0.6171875 0.261111111111111 0.0260416666666667 0.0462962962962963
B21 0.636979166666667 0.252777777777778 0.0260416666666667 0.0462962962962963
B22 0.6546875 0.243518518518519 0.0260416666666667 0.0462962962962963
B23 0.675 0.237962962962963 0.0260416666666667 0.0462962962962963
C1 0.205208333333333 0.489814814814815 0.0260416666666667 0.0462962962962963
C2 0.236979166666667 0.475925925925926 0.0260416666666667 0.0462962962962963
C3 0.267708333333333 0.461111111111111 0.0260416666666667 0.0462962962962963
C4 0.297916666666667 0.449074074074074 0.0260416666666667 0.0462962962962963
C5 0.327083333333333 0.435185185185185 0.0260416666666667 0.0462962962962963
C6 0.35625 0.424074074074074 0.0260416666666667 0.0462962962962963
C7 0.383333333333333 0.412962962962963 0.0260416666666667 0.0462962962962963
C8 0.410416666666667 0.4 0.0260416666666667 0.0462962962962963
C9 0.431770833333333 0.384259259259259 0.0260416666666667 0.0796296296296296
C10 0.461458333333333 0.377777777777778 0.0260416666666667 0.0462962962962963
C11 0.4859375 0.366666666666667 0.0260416666666667 0.0462962962962963
C12 0.5109375 0.357407407407407 0.0260416666666667 0.0462962962962963
C13 0.533854166666667 0.347222222222222 0.0260416666666667 0.0462962962962963
C14 0.5578125 0.337037037037037 0.0260416666666667 0.0462962962962963
C15 0.5796875 0.325925925925926 0.0260416666666667 0.0462962962962963
C16 0.600520833333333 0.312962962962963 0.0260416666666667 0.0703703703703704
C17 0.621354166666667 0.309259259259259 0.0260416666666667 0.0462962962962963
C18 0.643229166666667 0.3 0.0260416666666667 0.0462962962962963
C19 0.663020833333333 0.291666666666667 0.0260416666666667 0.0462962962962963
C20 0.681770833333333 0.282407407407407 0.0260416666666667 0.0462962962962963
C21 0.703125 0.274074074074074 0.0260416666666667 0.0462962962962963
C22 0.720833333333333 0.265740740740741 0.0260416666666667 0.0462962962962963
C23 0.7390625 0.258333333333333 0.0260416666666667 0.0462962962962963
D1 0.271875 0.52962962962963 0.0260416666666667 0.0462962962962963
D2 0.305729166666667 0.516666666666667 0.0260416666666667 0.0462962962962963
D3 0.336979166666667 0.502777777777778 0.0260416666666667 0.0462962962962963
D4 0.367708333333333 0.487037037037037 0.0260416666666667 0.0462962962962963
D5 0.397395833333333 0.472222222222222 0.0260416666666667 0.0462962962962963
D6 0.426041666666667 0.459259259259259 0.0260416666666667 0.0462962962962963
D7 0.454166666666667 0.446296296296296 0.0260416666666667 0.0462962962962963
D8 0.481770833333333 0.434259259259259 0.0260416666666667 0.0462962962962963
D9 0.508333333333333 0.421296296296296 0.0260416666666667 0.0462962962962963
D10 0.532291666666667 0.408333333333333 0.0260416666666667 0.0462962962962963
D11 0.557291666666667 0.398148148148148 0.0260416666666667 0.0462962962962963
D12 0.5828125 0.386111111111111 0.0260416666666667 0.0462962962962963
D13 0.605729166666667 0.375925925925926 0.0260416666666667 0.0462962962962963
D14 0.628645833333333 0.364814814814815 0.0260416666666667 0.0462962962962963
D15 0.651041666666667 0.353703703703704 0.0260416666666667 0.0462962962962963
D16 0.672395833333333 0.342592592592593 0.0260416666666667 0.0462962962962963
D17 0.69375 0.332407407407407 0.0260416666666667 0.0462962962962963
D18 0.7140625 0.323148148148148 0.0260416666666667 0.0462962962962963
D19 0.734895833333333 0.313888888888889 0.0260416666666667 0.0462962962962963
D20 0.755208333333333 0.303703703703704 0.0260416666666667 0.0462962962962963
D21 0.773958333333333 0.29537037037037 0.0260416666666667 0.0462962962962963
D22 0.793229166666667 0.286111111111111 0.0260416666666667 0.0462962962962963
D23 0.811458333333333 0.277777777777778 0.0260416666666667 0.0462962962962963
E1 0.351041666666667 0.578703703703704 0.0260416666666667 0.0462962962962963
E2 0.384375 0.562962962962963 0.0260416666666667 0.0462962962962963
E3 0.414583333333333 0.542592592592593 0.0260416666666667 0.0462962962962963
E4 0.4453125 0.525925925925926 0.0260416666666667 0.0462962962962963
E5 0.475520833333333 0.512037037037037 0.0260416666666667 0.0462962962962963
E6 0.505729166666667 0.497222222222222 0.0260416666666667 0.0462962962962963
E7 0.532291666666667 0.482407407407407 0.0260416666666667 0.0462962962962963
E8 0.559375 0.471296296296296 0.0260416666666667 0.0462962962962963
E9 0.583333333333333 0.44537037037037 0.0260416666666667 0.0925925925925926
E10 0.611458333333333 0.443518518518519 0.0260416666666667 0.0462962962962963
E11 0.636458333333333 0.430555555555556 0.0260416666666667 0.0462962962962963
E12 0.6609375 0.417592592592593 0.0260416666666667 0.0462962962962963
E13 0.683854166666667 0.40462962962963 0.0260416666666667 0.0462962962962963
E14 0.707291666666667 0.392592592592593 0.0260416666666667 0.0462962962962963
E15 0.7296875 0.381481481481481 0.0260416666666667 0.0462962962962963
E16 0.75 0.358333333333333 0.0260416666666667 0.0833333333333333
E17 0.771875 0.361111111111111 0.0260416666666667 0.0462962962962963
E18 0.793229166666667 0.35 0.0260416666666667 0.0462962962962963
E19 0.813020833333333 0.340740740740741 0.0260416666666667 0.0462962962962963
E20 0.8328125 0.330555555555556 0.0260416666666667 0.0462962962962963
E21 0.851041666666667 0.318518518518519 0.0260416666666667 0.0462962962962963
F1 0.434375 0.627777777777778 0.0260416666666667 0.0462962962962963
F2 0.46875 0.609259259259259 0.0260416666666667 0.0462962962962963
F3 0.5 0.593518518518519 0.0260416666666667 0.0462962962962963
F4 0.530729166666667 0.576851851851852 0.0260416666666667 0.0462962962962963
F5 0.5609375 0.559259259259259 0.0260416666666667 0.0462962962962963
F6 0.589583333333333 0.543518518518519 0.0260416666666667 0.0462962962962963
F7 0.618229166666667 0.527777777777778 0.0260416666666667 0.0462962962962963
F8 0.6453125 0.512962962962963 0.0260416666666667 0.0462962962962963
F9 0.672395833333333 0.49537037037037 0.0260416666666667 0.0462962962962963
F10 0.697395833333333 0.484259259259259 0.0260416666666667 0.0462962962962963
F11 0.722395833333333 0.469444444444444 0.0260416666666667 0.0462962962962963
F12 0.745833333333333 0.45462962962963 0.0260416666666667 0.0462962962962963
F13 0.769270833333333 0.440740740740741 0.0260416666666667 0.0462962962962963
F14 0.7921875 0.427777777777778 0.0260416666666667 0.0462962962962963
F15 0.814583333333333 0.415740740740741 0.0260416666666667 0.0462962962962963
F16 0.835416666666667 0.403703703703704 0.0260416666666667 0.0462962962962963
F17 0.857291666666667 0.391666666666667 0.0260416666666667 0.0462962962962963
F18 0.877083333333333 0.382407407407407 0.0260416666666667 0.0462962962962963
G3 0.596354166666667 0.639814814814815 0.0260416666666667 0.0462962962962963
G4 0.627604166666667 0.624074074074074 0.0260416666666667 0.0462962962962963
G5 0.6578125 0.605555555555556 0.0260416666666667 0.0462962962962963
G6 0.6859375 0.585185185185185 0.0260416666666667 0.0462962962962963
G7 0.713541666666667 0.571296296296296 0.0260416666666667 0.0462962962962963
G8 0.740625 0.55462962962963 0.0260416666666667 0.0462962962962963
G9 0.765625 0.514814814814815 0.03125 0.12037037037037
G10 0.7921875 0.519444444444444 0.0260416666666667 0.0462962962962963
G11 0.816666666666667 0.505555555555556 0.0260416666666667 0.0462962962962963
G12 0.840625 0.491666666666667 0.0260416666666667 0.0462962962962963
G13 0.8640625 0.475 0.0260416666666667 0.0462962962962963
G14 0.8859375 0.461111111111111 0.0260416666666667 0.0462962962962963
G15 0.9078125 0.447222222222222 0.0260416666666667 0.0462962962962963
H5 0.7625 0.658333333333333 0.0260416666666667 0.0462962962962963
H6 0.791666666666667 0.637037037037037 0.0260416666666667 0.0462962962962963
H7 0.819270833333333 0.618518518518518 0.0260416666666667 0.0462962962962963
H8 0.846354166666667 0.6 0.0260416666666667 0.0462962962962963
H9 0.871875 0.580555555555556 0.0260416666666667 0.0462962962962963
H10 0.897395833333333 0.563888888888889 0.0260416666666667 0.0462962962962963
H11 0.921354166666667 0.546296296296296 0.0260416666666667 0.0462962962962963